	log_avg_Sensitivity Alpha_180	log_IFR	log_gdp_per_capita	hosp_beds	R0_est	next_str_180
log_avg_Sensitivity Alpha_180	1.0	0.050167247797595876	-0.14592608664456724	0.2502239336610971	0.02986697704990552	0.2034902886611339
log_IFR	0.050167247797595876	1.0	0.48830282353652216	0.47068351528842434	0.4381978169854554	-0.337044199210929
log_gdp_per_capita	-0.14592608664456724	0.48830282353652216	1.0	0.2550270370153262	0.3215896695908245	-0.23104286782861855
hosp_beds	0.2502239336610971	0.47068351528842434	0.2550270370153262	1.0	0.3449824412038537	-0.19501554318521253
R0_est	0.02986697704990552	0.4381978169854554	0.3215896695908245	0.3449824412038537	1.0	-0.16674434550992664
next_str_180	0.2034902886611339	-0.337044199210929	-0.23104286782861855	-0.19501554318521253	-0.16674434550992664	1.0
