	log_avg_Sensitivity Alpha_180	log_IFR	log_gdp_per_capita	hosp_beds	R0_est	next_str_180
log_avg_Sensitivity Alpha_180	1.0	-0.29018479579808093	-0.2277784252389697	-0.06667348898377845	0.1268631902989367	0.3766647270472005
log_IFR	-0.29018479579808093	1.0	0.5602255939732478	0.5605185111785738	0.3137336566779606	-0.45897083662957977
log_gdp_per_capita	-0.2277784252389697	0.5602255939732478	1.0	0.23155561396960175	0.4988155804495886	-0.2881986008555997
hosp_beds	-0.06667348898377845	0.5605185111785738	0.23155561396960175	1.0	0.31400917623691665	-0.3025652428652694
R0_est	0.1268631902989367	0.3137336566779606	0.4988155804495886	0.31400917623691665	1.0	-0.018420925293130948
next_str_180	0.3766647270472005	-0.45897083662957977	-0.2881986008555997	-0.3025652428652694	-0.018420925293130948	1.0
