	log_avg_Sensitivity Alpha_180	log_IFR	log_gdp_per_capita	hosp_beds	R0_est	next_str_180
log_avg_Sensitivity Alpha_180	1.0	0.020459117403003945	-0.01777419890182336	0.11002366580645327	0.06353708399144292	0.26757938230099804
log_IFR	0.020459117403003945	1.0	0.370752612139467	0.5423484252073305	0.4605174138060106	-0.43153760097153177
log_gdp_per_capita	-0.01777419890182336	0.370752612139467	1.0	0.15142263039548176	0.3386836320978175	-0.2776127045520156
hosp_beds	0.11002366580645327	0.5423484252073305	0.15142263039548176	1.0	0.4288007110650972	-0.2458854724522617
R0_est	0.06353708399144292	0.4605174138060106	0.3386836320978175	0.4288007110650972	1.0	-0.05627427713025456
next_str_180	0.26757938230099804	-0.43153760097153177	-0.2776127045520156	-0.2458854724522617	-0.05627427713025456	1.0
