	log_avg_Sensitivity Alpha_180	log_IFR	log_gdp_per_capita	hosp_beds	R0_est	next_str_180
log_avg_Sensitivity Alpha_180	1.0	-0.2810300132716874	-0.48215082900530226	0.020582502416161365	0.039061405935361705	0.19445315622221518
log_IFR	-0.2810300132716874	1.0	0.7485010957705659	0.8493888428692588	0.16400850526997493	-0.2766628215144636
log_gdp_per_capita	-0.48215082900530226	0.7485010957705659	1.0	0.7061947438912187	0.059345089943026424	-0.00505504373647012
hosp_beds	0.020582502416161365	0.8493888428692588	0.7061947438912187	1.0	0.032559610878659655	-0.1428341893744565
R0_est	0.039061405935361705	0.16400850526997493	0.059345089943026424	0.032559610878659655	1.0	-0.08655178575525231
next_str_180	0.19445315622221518	-0.2766628215144636	-0.00505504373647012	-0.1428341893744565	-0.08655178575525231	1.0
