	log_avg_Sensitivity Alpha_180	log_IFR	log_gdp_per_capita	hosp_beds	R0_est	next_str_180
log_avg_Sensitivity Alpha_180	1.0	0.041316854082352514	-0.01585715260543937	0.16473167810510264	0.09360890772343157	0.23054242916668308
log_IFR	0.041316854082352514	1.0	0.1918173208033569	0.6143964880714943	0.4203332028959095	-0.4285984787745276
log_gdp_per_capita	-0.01585715260543937	0.1918173208033569	1.0	0.18475529562072554	0.31305234282444216	-0.0760240124603339
hosp_beds	0.16473167810510264	0.6143964880714943	0.18475529562072554	1.0	0.5029570349137523	-0.2626934222761597
R0_est	0.09360890772343157	0.4203332028959095	0.31305234282444216	0.5029570349137523	1.0	-0.10772250197341797
next_str_180	0.23054242916668308	-0.4285984787745276	-0.0760240124603339	-0.2626934222761597	-0.10772250197341797	1.0
