	log_avg_Sensitivity Alpha_180	log_IFR	log_gdp_per_capita	hosp_beds	R0_est	next_str_180
log_avg_Sensitivity Alpha_180	1.0	0.021607466876993442	-0.015104655657451721	0.10539026935336675	0.07849118801280948	0.2838565358931294
log_IFR	0.021607466876993442	1.0	0.36581045467502393	0.5488610965830056	0.465965352655657	-0.4372285199314895
log_gdp_per_capita	-0.015104655657451721	0.36581045467502393	1.0	0.15964348282145266	0.32425204230586546	-0.2737531571991813
hosp_beds	0.10539026935336675	0.5488610965830056	0.15964348282145266	1.0	0.4746160683443466	-0.2360513947847457
R0_est	0.07849118801280948	0.465965352655657	0.32425204230586546	0.4746160683443466	1.0	-0.0781593699643257
next_str_180	0.2838565358931294	-0.4372285199314895	-0.2737531571991813	-0.2360513947847457	-0.0781593699643257	1.0
