	log_avg_Sensitivity Alpha_180	log_IFR	log_gdp_per_capita	hosp_beds	R0_est	next_str_180
log_avg_Sensitivity Alpha_180	1.0	-0.348359998004477	-0.4187459466316798	-0.16407126712916878	-0.05171736397823176	-0.060938604645205174
log_IFR	-0.348359998004477	1.0	0.665014337339622	0.5962290102682463	0.49552570625646974	-0.03962057554297936
log_gdp_per_capita	-0.4187459466316798	0.665014337339622	1.0	0.43082485231220996	0.445344452209746	0.11101067275921499
hosp_beds	-0.16407126712916878	0.5962290102682463	0.43082485231220996	1.0	0.41553400483107084	-0.15707036539779548
R0_est	-0.05171736397823176	0.49552570625646974	0.445344452209746	0.41553400483107084	1.0	0.026860789952269207
next_str_180	-0.060938604645205174	-0.03962057554297936	0.11101067275921499	-0.15707036539779548	0.026860789952269207	1.0
