	log_avg_Sensitivity Alpha_180	log_IFR	log_gdp_per_capita	hosp_beds	R0_est	next_str_180
log_avg_Sensitivity Alpha_180	1.0	-0.04984099808859031	-0.1225251720768637	0.06795616732623969	-0.027317000254622248	0.20539171541188592
log_IFR	-0.04984099808859031	1.0	0.6304256534264399	0.5206959499941081	0.38312891759363693	-0.5228718242059983
log_gdp_per_capita	-0.1225251720768637	0.6304256534264399	1.0	0.3132301269160909	0.3417373350163445	-0.6176696529616384
hosp_beds	0.06795616732623969	0.5206959499941081	0.3132301269160909	1.0	0.4651702504529673	-0.26996008547345124
R0_est	-0.027317000254622248	0.38312891759363693	0.3417373350163445	0.4651702504529673	1.0	-0.20781288434433712
next_str_180	0.20539171541188592	-0.5228718242059983	-0.6176696529616384	-0.26996008547345124	-0.20781288434433712	1.0
