	log_avg_Sensitivity Alpha_180	log_IFR	log_gdp_per_capita	hosp_beds	R0_est	next_str_180
log_avg_Sensitivity Alpha_180	1.0	-0.02623129397322943	-0.044056425549274324	0.08601563135097075	0.043411123494086185	0.26926398366603427
log_IFR	-0.02623129397322943	1.0	0.6160895813853973	0.5191786357107773	0.39852536449936854	-0.4538859691003839
log_gdp_per_capita	-0.044056425549274324	0.6160895813853973	1.0	0.3307410714210673	0.3928247125247798	-0.41021277061425776
hosp_beds	0.08601563135097075	0.5191786357107773	0.3307410714210673	1.0	0.4465052401769091	-0.23791200574026933
R0_est	0.043411123494086185	0.39852536449936854	0.3928247125247798	0.4465052401769091	1.0	-0.0396387366957496
next_str_180	0.26926398366603427	-0.4538859691003839	-0.41021277061425776	-0.23791200574026933	-0.0396387366957496	1.0
